ID: 238
339, 6141, 6142, 

ID: 238
339, 6141, 6868, 

ID: 238
339, 6141, 9835, 

ID: 238
339, 6159, 9876, 

ID: 238
339, 6159, 12268, 

ID: 238
339, 6872, 6873, 

ID: 238
339, 6872, 6874, 

ID: 238
339, 6872, 6882, 

ID: 238
339, 6873, 6874, 

ID: 238
339, 6873, 6882, 

ID: 238
339, 6875, 6876, 

ID: 238
339, 6875, 6877, 

ID: 238
339, 6878, 6879, 

ID: 238
339, 6884, 6885, 

ID: 238
339, 6892, 9835, 

ID: 238
339, 9835, 9989, 

ID: 238
339, 9835, 10228, 

ID: 238
339, 9835, 12268, 

ID: 238
359, 374, 584, 

ID: 238
359, 374, 585, 

ID: 238
359, 584, 585, 

ID: 238
364, 16999, 17002, 

ID: 238
374, 584, 585, 

ID: 238
535, 10396, 11006, 

ID: 238
539, 10142, 10144, 

ID: 238
564, 565, 566, 

ID: 238
564, 565, 568, 

ID: 238
564, 565, 9194, 

ID: 238
564, 566, 568, 

ID: 238
564, 566, 9194, 

ID: 238
565, 566, 567, 

ID: 238
565, 566, 568, 

ID: 238
565, 566, 9194, 

ID: 238
565, 567, 568, 

ID: 238
565, 6122, 9194, 

ID: 238
566, 567, 568, 

ID: 238
566, 567, 2198, 

ID: 238
566, 568, 2198, 

ID: 238
566, 2198, 9194, 

ID: 238
567, 568, 2198, 

ID: 238
1157, 1158, 9700, 

ID: 238
2198, 6122, 9194, 

ID: 238
6052, 6053, 9275, 

ID: 238
6141, 6142, 9460, 

ID: 238
6141, 6142, 10775, 

ID: 238
6141, 9460, 10775, 

ID: 238
6142, 9460, 10775, 

ID: 238
6142, 10522, 10727, 

ID: 238
6159, 9458, 9462, 

ID: 238
6159, 9460, 11459, 

ID: 238
6159, 10727, 10920, 

ID: 238
6159, 10920, 11459, 

ID: 238
6859, 10522, 10727, 

ID: 238
6872, 6873, 6874, 

ID: 238
6872, 6873, 6882, 

ID: 238
6872, 6873, 9648, 

ID: 238
6872, 6873, 10772, 

ID: 238
6872, 6873, 10773, 

ID: 238
6872, 6873, 10776, 

ID: 238
6872, 6873, 10800, 

ID: 238
6872, 6873, 27646, 

ID: 238
6872, 6874, 10772, 

ID: 238
6872, 6874, 10773, 

ID: 238
6872, 6874, 10800, 

ID: 238
6872, 6882, 10772, 

ID: 238
6872, 9322, 10773, 

ID: 238
6872, 9648, 10772, 

ID: 238
6872, 9648, 10800, 

ID: 238
6872, 9669, 10773, 

ID: 238
6872, 10181, 10773, 

ID: 238
6872, 10772, 10773, 

ID: 238
6872, 10772, 10776, 

ID: 238
6872, 10772, 10800, 

ID: 238
6872, 10772, 11011, 

ID: 238
6872, 10772, 28126, 

ID: 238
6872, 10773, 10800, 

ID: 238
6872, 10773, 27646, 

ID: 238
6872, 10773, 28126, 

ID: 238
6872, 10776, 10800, 

ID: 238
6872, 11011, 28126, 

ID: 238
6873, 6874, 10772, 

ID: 238
6873, 6874, 10773, 

ID: 238
6873, 6874, 10800, 

ID: 238
6873, 6882, 10772, 

ID: 238
6873, 9648, 10772, 

ID: 238
6873, 9648, 10800, 

ID: 238
6873, 10772, 10773, 

ID: 238
6873, 10772, 10776, 

ID: 238
6873, 10772, 10800, 

ID: 238
6873, 10773, 10800, 

ID: 238
6873, 10773, 27646, 

ID: 238
6873, 10776, 10800, 

ID: 238
6874, 10772, 10773, 

ID: 238
6874, 10772, 10800, 

ID: 238
6874, 10773, 10800, 

ID: 238
6875, 6876, 10743, 

ID: 238
6875, 6877, 10779, 

ID: 238
6875, 10559, 10743, 

ID: 238
6875, 10559, 10749, 

ID: 238
6875, 10559, 10794, 

ID: 238
6875, 10743, 10754, 

ID: 238
6875, 10746, 10747, 

ID: 238
6875, 10746, 10749, 

ID: 238
6875, 10747, 10749, 

ID: 238
6875, 10748, 10749, 

ID: 238
6875, 10779, 10781, 

ID: 238
6876, 10743, 10764, 

ID: 238
6886, 9861, 9862, 

ID: 238
9046, 10043, 10273, 

ID: 238
9048, 9049, 11007, 

ID: 238
9078, 11585, 36183, 

ID: 238
9078, 35746, 36183, 

ID: 238
9078, 35746, 47878, 

ID: 238
9380, 9381, 28068, 

ID: 238
9458, 9461, 9462, 

ID: 238
9458, 9461, 9464, 

ID: 238
9458, 9461, 9931, 

ID: 238
9458, 9462, 9931, 

ID: 238
9458, 9462, 9935, 

ID: 238
9458, 9464, 9931, 

ID: 238
9460, 10782, 11459, 

ID: 238
9460, 31860, 35797, 

ID: 238
9460, 35797, 36183, 

ID: 238
9461, 9462, 9931, 

ID: 238
9461, 9464, 9931, 

ID: 238
9461, 9464, 9933, 

ID: 238
9461, 9931, 9933, 

ID: 238
9464, 9931, 9932, 

ID: 238
9464, 9931, 9933, 

ID: 238
9464, 9931, 9934, 

ID: 238
9464, 9932, 9933, 

ID: 238
9464, 9932, 9934, 

ID: 238
9464, 9933, 9934, 

ID: 238
9546, 9547, 11010, 

ID: 238
9580, 9940, 12048, 

ID: 238
9648, 10772, 10800, 

ID: 238
9681, 9682, 9683, 

ID: 238
9682, 9683, 9684, 

ID: 238
9700, 9702, 9705, 

ID: 238
9700, 9702, 9706, 

ID: 238
9700, 9705, 9706, 

ID: 238
9700, 9706, 9708, 

ID: 238
9702, 9703, 9704, 

ID: 238
9702, 9703, 9706, 

ID: 238
9702, 9704, 9705, 

ID: 238
9702, 9704, 9706, 

ID: 238
9702, 9704, 9707, 

ID: 238
9702, 9704, 12117, 

ID: 238
9702, 9704, 12735, 

ID: 238
9702, 9705, 9706, 

ID: 238
9702, 9705, 9707, 

ID: 238
9702, 9705, 12117, 

ID: 238
9702, 9705, 12735, 

ID: 238
9702, 9706, 9707, 

ID: 238
9702, 9706, 12117, 

ID: 238
9702, 9706, 12735, 

ID: 238
9703, 9704, 9706, 

ID: 238
9703, 10440, 10441, 

ID: 238
9704, 9705, 9706, 

ID: 238
9704, 9705, 9707, 

ID: 238
9704, 9705, 12117, 

ID: 238
9704, 9705, 12735, 

ID: 238
9704, 9706, 9707, 

ID: 238
9704, 9706, 12117, 

ID: 238
9704, 9706, 12735, 

ID: 238
9705, 9706, 9707, 

ID: 238
9705, 9706, 12117, 

ID: 238
9705, 9706, 12735, 

ID: 238
9706, 10840, 10846, 

ID: 238
9778, 9783, 9784, 

ID: 238
9896, 10446, 10522, 

ID: 238
9897, 9918, 10934, 

ID: 238
9918, 10934, 11725, 

ID: 238
9931, 9932, 9933, 

ID: 238
9931, 9932, 9934, 

ID: 238
9931, 9933, 9934, 

ID: 238
9932, 9933, 9934, 

ID: 238
9940, 9941, 10339, 

ID: 238
10032, 10033, 10789, 

ID: 238
10033, 10789, 10795, 

ID: 238
10124, 35791, 47836, 

ID: 238
10124, 35807, 47836, 

ID: 238
10233, 10234, 10240, 

ID: 238
10233, 10234, 10311, 

ID: 238
10233, 10240, 10311, 

ID: 238
10234, 10240, 10242, 

ID: 238
10234, 10240, 10311, 

ID: 238
10234, 10242, 10311, 

ID: 238
10240, 10242, 10311, 

ID: 238
10251, 10467, 36212, 

ID: 238
10251, 31847, 36212, 

ID: 238
10273, 10274, 10275, 

ID: 238
10284, 10285, 10287, 

ID: 238
10285, 10287, 11103, 

ID: 238
10398, 11005, 11006, 

ID: 238
10522, 10696, 10727, 

ID: 238
10522, 10727, 10920, 

ID: 238
10522, 12035, 35794, 

ID: 238
10522, 12035, 35855, 

ID: 238
10559, 10782, 10794, 

ID: 238
10593, 11486, 47887, 

ID: 238
10593, 11585, 47887, 

ID: 238
10593, 47839, 47887, 

ID: 238
10727, 10733, 10782, 

ID: 238
10727, 35752, 47878, 

ID: 238
10733, 10752, 10848, 

ID: 238
10733, 10752, 11459, 

ID: 238
10733, 10752, 11585, 

ID: 238
10733, 10752, 47855, 

ID: 238
10733, 10752, 47887, 

ID: 238
10733, 10782, 10848, 

ID: 238
10733, 10782, 11459, 

ID: 238
10733, 10848, 11585, 

ID: 238
10733, 11459, 35860, 

ID: 238
10733, 11585, 35860, 

ID: 238
10733, 11585, 47887, 

ID: 238
10733, 35855, 47855, 

ID: 238
10733, 35855, 47887, 

ID: 238
10733, 35860, 47836, 

ID: 238
10733, 47838, 47887, 

ID: 238
10733, 47839, 47887, 

ID: 238
10742, 10780, 10781, 

ID: 238
10742, 10780, 10784, 

ID: 238
10742, 10781, 10784, 

ID: 238
10743, 10752, 10754, 

ID: 238
10746, 10747, 10749, 

ID: 238
10750, 10757, 10758, 

ID: 238
10750, 10758, 10788, 

ID: 238
10751, 10756, 10761, 

ID: 238
10752, 10754, 10763, 

ID: 238
10752, 10848, 11585, 

ID: 238
10752, 11585, 47887, 

ID: 238
10752, 35752, 47855, 

ID: 238
10755, 10756, 10759, 

ID: 238
10772, 10773, 10800, 

ID: 238
10772, 10773, 28126, 

ID: 238
10772, 10776, 10800, 

ID: 238
10772, 11011, 28126, 

ID: 238
10774, 10801, 10802, 

ID: 238
10779, 10780, 10781, 

ID: 238
10780, 10781, 10784, 

ID: 238
10782, 10794, 10796, 

ID: 238
10782, 10848, 12035, 

ID: 238
10836, 10837, 10838, 

ID: 238
10840, 10843, 10846, 

ID: 238
10840, 10845, 10846, 

ID: 238
10848, 11585, 35884, 

ID: 238
10848, 11650, 12035, 

ID: 238
10848, 12035, 35794, 

ID: 238
10938, 10939, 10940, 

ID: 238
11005, 11008, 11009, 

ID: 238
11007, 28120, 28121, 

ID: 238
11100, 11101, 11103, 

ID: 238
11459, 35747, 47835, 

ID: 238
11459, 35791, 47835, 

ID: 238
11459, 35793, 47835, 

ID: 238
11585, 35801, 47887, 

ID: 238
11585, 35807, 35839, 

ID: 238
11585, 35807, 36183, 

ID: 238
11585, 35807, 47887, 

ID: 238
11585, 35839, 35976, 

ID: 238
11585, 35884, 47887, 

ID: 238
11585, 47846, 47887, 

ID: 238
11847, 35746, 47887, 

ID: 238
11847, 35793, 47887, 

ID: 238
11847, 35794, 47887, 

ID: 238
11847, 35807, 47887, 

ID: 238
16930, 16931, 16932, 

ID: 238
17003, 17004, 17005, 

ID: 238
27647, 27648, 27658, 

ID: 238
29378, 35748, 36047, 

ID: 238
35747, 47835, 47887, 

ID: 238
35748, 35845, 47887, 

ID: 238
35748, 47835, 47887, 

ID: 238
35752, 35860, 47836, 

ID: 238
35752, 35860, 47878, 

ID: 238
35752, 35884, 47836, 

ID: 238
35752, 35884, 47878, 

ID: 238
35793, 36183, 47832, 

ID: 238
35793, 47833, 47835, 

ID: 238
35793, 47835, 47887, 

ID: 238
35845, 47837, 47887, 

ID: 238
35855, 47835, 47887, 